10001100000010010000001111111101
10001100000010100000001111111110
10101100000010010000001111111111
00111001001010110000000001100011
00000001001010100110000000100000
00000001010010010110100000100010
00000001001010100111000000101010
00010101001011010000000000000010
00000001001010100111100000100000
00001000000000000000000000001011
00000001010010011100000000100010
00100100000100000000000000001000
00100100000100010000000000000100
00100100000111010000001111111100
00001100000000000000000000010001
00100100000000100000000000001010
00000000000000000000000000001100
00010110000100010000000000000010
00000000000000000001100000100000
00000011111000000000000000001000
00000011101011001110100000100010
10101111101111110000000000000010
10101111101100010000000000000001
10101111101100000000000000000000
00000010000010011000000000100010
00001100000000000000000000010001
10001111101111110000000000000010
10001111101100010000000000000001
10001111101100000000000000000000
00000011101011001110100000100000
00000000011010010001100000100000
00000011111000000000000000001000
